14 0.1826171875 0.3056640625 0.091796875 0.080078125
12 0.5888671875 0.419921875 0.595703125 0.18359375
7 0.529296875 0.2353515625 0.50390625 0.240234375
11 0.3515625 0.5458984375 0.17578125 0.162109375
9 0.90234375 0.4873046875 0.05078125 0.134765625
6 0.5986328125 0.7041015625 0.708984375 0.486328125
10 0.2177734375 0.3671875 0.087890625 0.51953125
4 0.19140625 0.3134765625 0.078125 0.396484375
17 0.244140625 0.7314453125 0.0390625 0.294921875
17 0.1630859375 0.4833984375 0.029296875 0.154296875
13 0.76171875 0.2744140625 0.04296875 0.056640625
