14 0.39453125 0.3505859375 0.08984375 0.087890625
13 0.7451171875 0.267578125 0.033203125 0.0546875
12 0.708984375 0.4287109375 0.4296875 0.224609375
7 0.5849609375 0.25390625 0.345703125 0.23046875
17 0.552734375 0.79296875 0.19921875 0.33203125
11 0.658203125 0.556640625 0.171875 0.11328125
6 0.765625 0.6630859375 0.39453125 0.369140625
10 0.3681640625 0.4072265625 0.169921875 0.564453125
4 0.228515625 0.34765625 0.1796875 0.50390625
5 0.0791015625 0.1962890625 0.041015625 0.080078125
17 0.1640625 0.5751953125 0.125 0.275390625
