14 0.244140625 0.2861328125 0.07421875 0.087890625
13 0.90234375 0.27734375 0.09765625 0.09375
7 0.556640625 0.1962890625 0.51171875 0.220703125
12 0.541015625 0.34375 0.6015625 0.1484375
11 0.2998046875 0.4296875 0.126953125 0.09375
9 0.7509765625 0.41796875 0.166015625 0.10546875
6 0.53125 0.6083984375 0.6875 0.404296875
17 0.255859375 0.8505859375 0.125 0.146484375
17 0.8408203125 0.728515625 0.103515625 0.37109375
17 0.9208984375 0.7001953125 0.052734375 0.310546875
17 0.392578125 0.8408203125 0.08984375 0.048828125
