13 0.767578125 0.330078125 0.09375 0.0859375
9 0.55078125 0.501953125 0.171875 0.125
12 0.37890625 0.408203125 0.515625 0.11328125
6 0.3583984375 0.6318359375 0.603515625 0.361328125
11 0.1005859375 0.4873046875 0.041015625 0.111328125
14 0.234375 0.328125 0.04296875 0.0546875
17 0.65625 0.7080078125 0.13671875 0.310546875
8 0.775390625 0.408203125 0.17578125 0.52734375
2 0.8525390625 0.3681640625 0.158203125 0.455078125
17 0.9111328125 0.5537109375 0.083984375 0.205078125
7 0.47265625 0.24609375 0.46875 0.1875
