9 0.3857421875 0.326171875 0.162109375 0.1484375
13 0.6650390625 0.2333984375 0.080078125 0.099609375
6 0.2802734375 0.4775390625 0.443359375 0.392578125
12 0.337890625 0.26953125 0.453125 0.08984375
8 0.681640625 0.359375 0.15234375 0.56640625
2 0.7783203125 0.369140625 0.126953125 0.55078125
7 0.4580078125 0.1591796875 0.330078125 0.158203125
17 0.5224609375 0.689453125 0.166015625 0.41796875
17 0.865234375 0.71875 0.09765625 0.30078125
17 0.177734375 0.798828125 0.16015625 0.15625
16 0.8916015625 0.490234375 0.123046875 0.3359375
