14 0.451171875 0.236328125 0.09765625 0.08984375
16 0.14453125 0.4365234375 0.16796875 0.306640625
10 0.4169921875 0.34765625 0.173828125 0.50390625
4 0.296875 0.34375 0.14453125 0.4921875
7 0.6015625 0.18359375 0.29296875 0.16796875
12 0.7294921875 0.294921875 0.369140625 0.10546875
11 0.703125 0.3681640625 0.16796875 0.138671875
6 0.7861328125 0.482421875 0.337890625 0.3046875
17 0.3876953125 0.6337890625 0.544921875 0.326171875
17 0.8232421875 0.701171875 0.126953125 0.12890625
17 0.396484375 0.68359375 0.109375 0.08203125
