13 0.8212890625 0.2509765625 0.072265625 0.060546875
14 0.3544921875 0.2294921875 0.041015625 0.052734375
7 0.5556640625 0.1904296875 0.400390625 0.158203125
12 0.486328125 0.3125 0.4921875 0.11328125
9 0.6357421875 0.4150390625 0.181640625 0.150390625
11 0.2236328125 0.3818359375 0.064453125 0.138671875
17 0.73828125 0.564453125 0.125 0.2421875
17 0.908203125 0.421875 0.03125 0.1484375
6 0.4541015625 0.5078125 0.568359375 0.33984375
8 0.8203125 0.3232421875 0.1015625 0.423828125
2 0.8623046875 0.291015625 0.103515625 0.359375
