14 0.2314453125 0.4716796875 0.037109375 0.033203125
13 0.583984375 0.4560546875 0.07421875 0.052734375
7 0.400390625 0.416015625 0.30859375 0.1171875
12 0.345703125 0.51171875 0.3515625 0.09765625
9 0.431640625 0.5576171875 0.13671875 0.064453125
11 0.1796875 0.5732421875 0.0546875 0.060546875
8 0.5986328125 0.521484375 0.119140625 0.33984375
2 0.66015625 0.51953125 0.09765625 0.33203125
17 0.5205078125 0.6748046875 0.087890625 0.201171875
17 0.7138671875 0.681640625 0.076171875 0.1796875
17 0.216796875 0.771484375 0.0859375 0.0546875
17 0.4404296875 0.7587890625 0.064453125 0.037109375
6 0.33203125 0.62890625 0.390625 0.2265625
