14 0.2333984375 0.3603515625 0.087890625 0.072265625
11 0.435546875 0.53125 0.16015625 0.12109375
6 0.6396484375 0.6640625 0.611328125 0.37109375
12 0.6201171875 0.4375 0.525390625 0.12109375
13 0.7744140625 0.3408203125 0.044921875 0.048828125
7 0.544921875 0.2890625 0.484375 0.20703125
10 0.2314453125 0.4306640625 0.158203125 0.517578125
4 0.15625 0.3974609375 0.1484375 0.455078125
17 0.318359375 0.708984375 0.125 0.27734375
17 0.0986328125 0.5625 0.095703125 0.203125
9 0.900390625 0.5107421875 0.04296875 0.091796875
