7 0.498046875 0.349609375 0.2578125 0.11328125
12 0.376953125 0.4443359375 0.375 0.087890625
13 0.6533203125 0.390625 0.064453125 0.05859375
9 0.4072265625 0.49609375 0.189453125 0.08984375
6 0.33203125 0.6162109375 0.35546875 0.267578125
8 0.6728515625 0.4638671875 0.142578125 0.365234375
2 0.7822265625 0.4482421875 0.126953125 0.326171875
3 0.876953125 0.4228515625 0.0234375 0.044921875
1 0.8251953125 0.33984375 0.095703125 0.078125
17 0.5380859375 0.7060546875 0.169921875 0.255859375
17 0.83203125 0.6201171875 0.09765625 0.181640625
