7 0.498046875 0.3466796875 0.375 0.177734375
13 0.71484375 0.4013671875 0.0703125 0.056640625
17 0.7158203125 0.638671875 0.400390625 0.37109375
12 0.3671875 0.5146484375 0.48046875 0.263671875
9 0.4345703125 0.5771484375 0.181640625 0.134765625
6 0.3291015625 0.6806640625 0.458984375 0.251953125
11 0.1298828125 0.51953125 0.037109375 0.109375
14 0.3466796875 0.33984375 0.033203125 0.0390625
8 0.73046875 0.462890625 0.14453125 0.42578125
2 0.82421875 0.4228515625 0.12109375 0.341796875
3 0.9267578125 0.361328125 0.021484375 0.046875
