13 0.65625 0.435546875 0.07421875 0.06640625
7 0.4423828125 0.376953125 0.361328125 0.140625
9 0.4306640625 0.552734375 0.142578125 0.08984375
11 0.0888671875 0.541015625 0.056640625 0.08203125
17 0.50390625 0.71875 0.83203125 0.26953125
12 0.330078125 0.478515625 0.4296875 0.0703125
14 0.2431640625 0.4150390625 0.044921875 0.041015625
3 0.931640625 0.5146484375 0.04296875 0.076171875
8 0.6806640625 0.51953125 0.162109375 0.4375
2 0.794921875 0.5146484375 0.16015625 0.427734375
6 0.2841796875 0.642578125 0.482421875 0.2734375
