13 0.6376953125 0.3359375 0.076171875 0.07421875
14 0.2783203125 0.3232421875 0.037109375 0.044921875
7 0.4482421875 0.2734375 0.345703125 0.16015625
12 0.333984375 0.4140625 0.38671875 0.14453125
9 0.388671875 0.47265625 0.2109375 0.11328125
11 0.1279296875 0.4658203125 0.041015625 0.091796875
6 0.30078125 0.6015625 0.421875 0.3203125
8 0.6689453125 0.4267578125 0.181640625 0.486328125
2 0.7880859375 0.40234375 0.142578125 0.4375
3 0.8818359375 0.3466796875 0.033203125 0.072265625
17 0.6787109375 0.6484375 0.443359375 0.3359375
