13 0.7138671875 0.3212890625 0.083984375 0.083984375
14 0.3046875 0.236328125 0.04296875 0.0546875
7 0.4853515625 0.2421875 0.380859375 0.234375
12 0.365234375 0.408203125 0.5 0.2421875
9 0.4228515625 0.57421875 0.205078125 0.12109375
11 0.10546875 0.4853515625 0.0390625 0.126953125
6 0.322265625 0.630859375 0.5 0.37109375
8 0.7255859375 0.3623046875 0.138671875 0.486328125
17 0.5849609375 0.73046875 0.130859375 0.2890625
1 0.8837890625 0.130859375 0.072265625 0.1171875
2 0.822265625 0.30078125 0.1328125 0.40625
