14 0.392578125 0.4375 0.05859375 0.0703125
13 0.8369140625 0.3955078125 0.080078125 0.087890625
7 0.6005859375 0.3623046875 0.337890625 0.181640625
12 0.5595703125 0.4853515625 0.423828125 0.126953125
11 0.376953125 0.580078125 0.09765625 0.0703125
9 0.6865234375 0.5517578125 0.126953125 0.072265625
8 0.83203125 0.4755859375 0.09375 0.439453125
2 0.8681640625 0.4677734375 0.123046875 0.427734375
17 0.3876953125 0.84765625 0.142578125 0.171875
17 0.77734375 0.7646484375 0.125 0.275390625
17 0.9228515625 0.7177734375 0.083984375 0.240234375
6 0.5439453125 0.6826171875 0.455078125 0.244140625
