13 0.7763671875 0.3212890625 0.111328125 0.095703125
14 0.236328125 0.275390625 0.05859375 0.08203125
12 0.3916015625 0.41015625 0.564453125 0.18359375
9 0.5263671875 0.4951171875 0.240234375 0.150390625
11 0.1064453125 0.4619140625 0.083984375 0.150390625
17 0.6552734375 0.7763671875 0.095703125 0.392578125
17 0.884765625 0.611328125 0.09375 0.28125
8 0.7802734375 0.43359375 0.138671875 0.625
2 0.8505859375 0.3984375 0.115234375 0.5546875
7 0.4716796875 0.2314453125 0.494140625 0.228515625
6 0.33984375 0.6826171875 0.64453125 0.408203125
