7 0.4140625 0.4521484375 0.23828125 0.103515625
12 0.2734375 0.53125 0.33203125 0.06640625
9 0.2626953125 0.5888671875 0.119140625 0.056640625
6 0.21484375 0.6845703125 0.28125 0.255859375
13 0.5283203125 0.4990234375 0.076171875 0.060546875
8 0.56640625 0.580078125 0.16015625 0.359375
2 0.6845703125 0.576171875 0.138671875 0.3515625
16 0.8330078125 0.64453125 0.177734375 0.2265625
3 0.9140625 0.6103515625 0.015625 0.103515625
17 0.384765625 0.7958984375 0.16796875 0.263671875
17 0.8125 0.779296875 0.1171875 0.203125
17 0.1845703125 0.82421875 0.150390625 0.09765625
17 0.609375 0.8251953125 0.08984375 0.041015625
