13 0.6611328125 0.291015625 0.095703125 0.09375
14 0.2265625 0.26171875 0.05078125 0.05859375
12 0.3173828125 0.376953125 0.451171875 0.1484375
7 0.423828125 0.2080078125 0.42578125 0.212890625
9 0.4091796875 0.4765625 0.212890625 0.12890625
11 0.0771484375 0.4501953125 0.048828125 0.115234375
6 0.27734375 0.6171875 0.51953125 0.390625
8 0.6953125 0.3896484375 0.19140625 0.607421875
2 0.814453125 0.361328125 0.16015625 0.55078125
3 0.94140625 0.294921875 0.04296875 0.078125
17 0.728515625 0.6640625 0.421875 0.39453125
