1 0.56640625 0.294921875 0.31640625 0.10546875
15 0.623046875 0.4384765625 0.32421875 0.216796875
3 0.478515625 0.44921875 0.15234375 0.109375
5 0.791015625 0.4169921875 0.0390625 0.103515625
0 0.5947265625 0.572265625 0.455078125 0.27734375
13 0.21484375 0.3740234375 0.046875 0.048828125
17 0.3798828125 0.67578125 0.095703125 0.23046875
2 0.3291015625 0.4462890625 0.115234375 0.400390625
8 0.2744140625 0.435546875 0.091796875 0.37109375
17 0.7109375 0.6865234375 0.09765625 0.072265625
17 0.2158203125 0.5751953125 0.060546875 0.166015625
