14 0.4365234375 0.3896484375 0.037109375 0.037109375
13 0.7890625 0.376953125 0.0625 0.05078125
7 0.6005859375 0.33984375 0.302734375 0.1171875
9 0.65625 0.46875 0.09765625 0.0703125
11 0.36328125 0.48046875 0.03515625 0.0703125
12 0.5546875 0.416015625 0.3359375 0.0625
6 0.525390625 0.5498046875 0.3828125 0.236328125
17 0.56640625 0.6064453125 0.421875 0.220703125
8 0.8046875 0.4453125 0.10546875 0.34375
2 0.8564453125 0.4423828125 0.107421875 0.333984375
17 0.90625 0.6025390625 0.07421875 0.189453125
