14 0.154296875 0.2861328125 0.109375 0.083984375
13 0.6982421875 0.2587890625 0.052734375 0.056640625
7 0.4599609375 0.2158203125 0.470703125 0.208984375
12 0.529296875 0.390625 0.62890625 0.203125
11 0.3671875 0.53515625 0.19140625 0.12890625
9 0.8486328125 0.4794921875 0.044921875 0.111328125
6 0.57421875 0.64453125 0.71875 0.4765625
10 0.169921875 0.3779296875 0.08984375 0.552734375
4 0.134765625 0.337890625 0.08984375 0.46875
17 0.2119140625 0.6865234375 0.072265625 0.365234375
17 0.080078125 0.50390625 0.05078125 0.21484375
